9.671830594173533857e-01 4.153846819684016145e-01
3.957682557644457422e-01 7.061012170952318812e-02
7.093784870912268614e-01 8.650925915651510589e-01
9.895478684217613452e-01 7.985852019704189342e-01
1.495862785009850482e-01 7.988907288919726568e-01
8.781584982787024041e-01 9.058086147958565038e-01
3.747072895366756473e-01 3.473306406818321701e-01
2.278797336974736076e-01 1.408210618451463114e-01
5.559344238933489057e-01 7.855939141123039482e-01
3.252050531954892021e-01 9.171308587616818775e-01
6.568021458796334811e-01 6.021446882362182507e-01
1.441999816458408024e-01 7.717400182213562942e-01
6.336664587496991796e-01 4.558579344793739496e-01
6.601744477346358497e-01 8.288692237895496362e-01
7.487807920616207369e-02 4.051434743746860079e-01
6.816463809667883123e-02 3.681985453880489700e-01
1.788149677274935012e-01 5.701904718275155881e-01
6.713543124534847584e-01 7.176999947072129071e-01
9.828995246285949783e-01 2.641438945320777609e-01
5.031195359505181708e-01 1.034197018531063383e-01
3.382778822644327832e-01 7.863571077742643745e-01
5.275206513817061182e-01 7.934682799891281668e-01
7.280446663380285566e-01 2.110034851067207340e-01
4.671433356167365991e-01 1.202484157885236327e-01
5.703980226188787306e-01 1.421342124340886359e-01
8.230890175242544515e-02 5.513529296154207060e-01
5.299193938892617917e-01 5.076326910974143791e-01
7.239421793687578210e-01 9.020582645206455252e-01
6.996197619056239159e-01 1.967488859095892773e-01
6.561683475433509605e-01 9.846653083613067237e-01
5.685810545838698715e-01 8.409833376375680514e-01
4.150871957946071777e-01 5.901469641110126396e-01
7.533985446376356698e-02 6.988451951943297491e-01
5.714507896598052250e-01 2.095609815734191805e-01
4.397086819995486007e-01 4.390120364091364413e-01
3.423131562772703251e-01 7.384537527624507325e-01
7.629455373815164920e-01 6.435937062833877453e-01
1.908590278712033461e-01 4.891090586418489483e-01
3.408454264997026195e-01 8.126596732112578714e-01
4.006267752601383458e-01 6.537431241289306527e-01
6.182786570843877838e-01 2.195177712907948608e-01
2.579358608732088554e-01 7.980863275708408588e-01
5.664892608486676862e-01 5.661687774863641831e-01
9.377312561258751566e-01 7.288507600826995558e-01
9.563219689937192403e-01 5.787969823308647399e-02
1.253541767312795763e-01 2.381377212963490253e-01
6.823588998732141864e-01 5.500960582681542199e-01
9.786918988463613189e-01 4.996693916119819834e-01
6.817497622207040475e-01 5.183541229657712135e-01
9.969711829642713408e-01 6.979819298690641549e-01
2.389211056904455566e-01 1.003786188549466996e-01
1.122906235267679964e-01 5.816256911176445055e-01
7.972020166801503382e-01 2.789441423567217138e-01
9.593186129674354801e-01 3.471457133966767694e-01
9.567262090543059427e-01 9.227071158537092366e-01
5.775863004483097196e-01 2.765328706780083579e-01
1.436259704811914117e-01 8.232508054631246797e-01
5.605203157158866745e-02 5.146050816475492562e-01
9.474220478499127962e-01 6.143951535648591866e-01
7.019380809456706727e-01 4.863627267720300740e-01
3.412290232789090272e-01 5.859871289918342496e-01
7.643438476799835346e-01 4.353158376472137103e-01
8.618437558102876039e-03 6.467540245621660189e-01
1.889663389969213902e-01 5.578594476795877277e-01
2.483145720471039430e-01 8.535482670112073400e-01
3.776464543246982331e-04 7.532845205170782821e-01
6.129021594759439528e-01 8.103288495307479078e-01
7.133213149156737432e-01 4.944779514523477415e-01
2.309896098146860810e-01 2.096322195902072805e-01
5.187518276833726905e-01 5.551646806128561762e-01
5.505759271606881500e-01 6.435458310644850410e-01
4.401309586973001231e-02 6.006844822667263273e-01
4.838412760768666665e-01 9.078277615218839358e-01
8.425370329413539583e-01 5.426346503933250354e-01
8.071303571500570984e-01 7.933071085815660561e-01
6.937987244934963327e-01 6.070394433476266061e-01
9.298491515839144572e-01 7.974101549401144684e-01
7.178662947777976200e-01 9.792343838893678987e-01
7.447780020179121108e-01 2.549887468503697630e-02
1.905998900704249932e-01 8.003909717475756747e-01
4.677089628310804326e-01 3.778904449925901687e-02
4.906549104280439888e-01 5.794416357781443372e-01
8.840493820489780941e-02 3.272935047399661013e-01
5.291837666141817609e-01 7.679657499244205709e-01
9.537597995511026827e-01 4.106133065226678092e-01
8.820507169006436277e-01 3.751340150637250126e-02
5.665786231273843843e-01 1.275517335482599934e-01
1.394505761716214876e-01 3.054123385094148491e-01
6.370308390407892762e-01 8.622691375301346772e-01
1.058486599312913334e-02 7.621004321392030878e-01
2.883387334324671869e-01 2.650778497252561650e-01
2.888505354265595848e-01 9.246957827136847996e-01
5.637583225500002460e-01 2.452154500709741169e-01
5.357555248705809792e-01 3.816206948588534154e-01
6.548214908200041817e-01 6.835291604795220577e-01
2.012455600070794937e-01 8.998442829461938963e-03
4.151351904745154142e-01 5.592473398023454223e-01
4.973838724668827593e-01 3.459972010651909402e-01
5.014994361191134065e-01 6.453133865649478551e-01
9.706931352006039626e-01 5.287498456920298739e-01
6.550118305240348882e-02 1.773905693666437688e-01
7.725324579220594901e-01 7.486656559554705215e-01
7.989401559976535561e-01 2.318107300387413083e-01
1.104530207786422746e-01 5.167763592186696009e-01
2.046750317266617936e-01 4.580725642390852670e-01
2.266987573158898428e-01 6.254329745409188401e-01
3.424547380790020634e-01 8.938166480624984978e-01
5.295850482991423247e-01 3.521539604722310202e-01
1.882431087956140114e-01 2.371646821414207240e-01
3.570488050587170559e-01 7.326370621897599911e-01
6.367855252245870901e-01 9.684784236113032074e-01
4.971806395072830842e-02 3.626344391700304648e-01
6.658029771758026127e-01 7.287554887514636759e-01
6.637615961435616718e-01 5.939924896147433797e-01
8.565182735923235757e-01 8.879685376165018518e-01
8.112871908822547606e-01 5.650736291018754187e-02
8.145269741424673304e-01 8.235566860775755949e-03
1.732459956681522417e-01 1.876727221822718228e-01
9.962513277221191066e-01 9.155419035317096110e-01
2.243888893917072025e-01 3.548133578483190220e-01
6.206119080460460458e-01 4.386535051020433729e-01
7.452011475303412791e-01 1.259384475067563125e-01
2.007986090211374419e-01 8.142337219539901305e-01
1.971704300895394946e-01 6.007061526363471904e-01
5.446165304660182116e-01 2.368920421529686626e-01
2.970450295523878737e-01 3.584610165993347142e-01
8.724477449038079424e-01 9.153318110707571176e-01
2.833345218777471031e-01 9.120059962049026359e-01
3.303305974770937015e-01 6.094380387290666556e-01
9.462416205143681092e-01 4.453912729032579731e-01
9.148661592446968305e-01 1.738112586910394164e-01
3.598312663924094768e-01 4.932795863795977898e-01
6.294473363259537324e-01 1.999642422993243018e-01
2.012259751687587306e-01 1.250167773857965292e-01
9.432386954395379774e-01 6.651887721087260674e-01
3.113309472786329746e-01 2.075302662488930361e-01
7.631588687464152532e-02 8.153845996312715227e-01
2.231065403308535311e-01 1.397129473636523622e-01
9.638521519991568587e-01 5.425547612236537587e-01
1.598961821689655061e-01 6.779276681974644170e-01
4.673718338805832317e-01 9.565621476869515805e-01
4.756918516394217367e-01 8.140802800157863617e-01
5.865240782005254339e-02 3.568269454632875259e-01
7.518615869950243669e-01 5.573297579562188631e-01
8.007455814275252770e-01 5.979511960445467178e-01
5.551195599353315746e-01 3.448928388052839855e-01
5.243757939559321457e-01 8.857627561347856116e-01
4.341140087245474177e-01 6.492387365919829456e-01
8.518455964494174859e-01 5.458123785110083892e-01
5.661746195058902087e-01 2.766925544600942199e-01
7.736817800042740112e-01 6.163219740747917230e-01
7.680614757625965350e-01 9.708351461117474823e-01
5.470334015549997986e-01 1.903448465737325179e-01
5.104957615854928132e-01 4.718450532983292645e-01
1.541995928374918501e-01 8.906252517285440096e-01
5.000012459419334032e-01 5.446318938890433170e-01
2.651536804483177745e-01 6.249217756481908470e-01
9.003422329473260710e-01 7.155783079233308808e-01
6.851467178465525665e-01 2.560404405127011396e-01
7.810660152420889624e-02 7.047343190567280091e-01
5.647079045801894903e-01 9.974719529606134172e-01
3.307955252935701473e-02 7.283049844006348472e-01
9.438342614219108473e-02 7.852589330698824810e-01
2.787361011643230135e-03 2.336613540581610193e-01
2.293243099998206747e-01 4.350022597945911729e-01
7.527384918998129004e-01 6.401719474021682066e-01
7.943315662380303621e-01 8.269839186857051994e-01
8.596662449378777993e-01 2.900980023124344331e-02
1.256285360733649936e-01 1.615670557925261708e-01
2.790952530676610310e-01 1.472928817119082412e-01
9.822983493742771799e-01 7.118043729458916058e-01
8.691032233292772524e-02 2.991942372459497346e-01
6.732665900453177477e-01 7.764533211410897806e-01
1.575869331212613744e-01 7.736026658907810827e-01
6.396550219807191073e-01 9.261777965452239192e-01
8.504240358371381037e-01 5.544856851461508196e-01
1.961854486721859026e-01 1.950233248024859645e-01
2.874491901599619537e-01 6.854282249786602943e-01
4.504576810525070529e-01 9.319584588779212808e-01
2.225095137498865894e-01 9.739323328906585031e-01
3.048298986385351572e-01 2.645959662111172506e-01
1.390933721983957927e-01 6.887519773636530118e-02
1.207393547066037964e-01 4.970714900404805681e-01
9.916289545185810184e-01 3.239346524025296103e-01
4.572197065319155707e-01 4.950208646757692232e-02
6.118839855635205272e-01 5.427703437311663937e-01
2.904052966954296933e-01 5.020723522252134030e-01
3.534248358630761588e-01 1.352018789643573138e-01
5.355093969486421912e-01 4.906591770792079199e-01
6.460500344244186621e-01 8.116121387732488923e-02
3.824798507589602936e-01 8.384481708529272215e-01
2.224270489040780507e-01 4.540890531970589450e-01
4.250726995606085579e-01 6.026319538486489824e-01
6.081329060226748906e-01 7.346522686801502111e-01
3.021330883902909603e-01 5.424795141964677825e-02
3.942383461212195517e-02 3.396773397073185041e-01
6.771874072288164292e-01 6.302100448887240081e-01
2.024131721104904802e-02 5.942055596074983237e-01
1.624233246313775414e-01 9.813430834939571579e-01
2.561187735743855054e-01 1.245269386211437235e-01
8.885566910610354086e-02 6.508091281857006916e-01
4.597537536830637039e-01 3.975751635614419577e-01
7.490240825798060165e-01 8.516016075661725360e-01
9.795488554798672531e-01 9.461122961145562726e-01
5.552571624733879663e-01 3.402275738904878555e-01
6.029298151905364556e-01 9.618767560420078411e-01
3.486130027011450361e-01 4.991375834270405099e-01
8.778427156210499849e-02 7.062081619077386074e-01
2.362219342767012398e-01 2.653320858050940423e-01
1.497898939818509412e-02 9.475101422999194778e-01
4.595071390522008636e-01 9.640745937988045577e-01
7.112686052113537105e-02 2.497678486064329739e-01
8.224071708916027568e-01 3.511023530843454532e-01
1.487691319002141244e-01 3.888553412885682459e-01
2.811439382088140038e-01 8.413820208963711522e-01
3.903177796480187256e-01 5.291019833882641965e-01
9.906916658685281929e-01 3.986533976399625478e-01
7.307765357156896791e-01 1.237896354946532718e-03
4.451198857584079960e-01 4.962881419139494321e-01
9.989804345418979992e-01 1.768431225370228344e-01
2.858551723329940675e-01 6.506881044623270549e-01
5.251641487240509276e-01 3.720648423054560006e-01
5.350942330472797659e-01 5.523633889853278855e-01
2.915359014980811736e-02 8.288612654182175854e-01
5.594811337931862028e-01 2.525455413093211643e-01
7.146666352324511085e-01 9.201090739233652727e-01
6.637651730356538549e-01 9.643106560178338338e-01
3.241066451233385326e-01 1.030202980198291485e-02
7.889983690749966527e-01 1.422403756836104760e-01
8.254511474498816836e-01 3.069818923974617642e-01
3.973530864217452718e-01 2.374329496377697302e-01
6.089210443912395077e-01 4.152981363846908192e-01
5.520360679569660256e-01 1.629213859593720004e-01
8.923663803350101453e-01 6.869432918373491459e-01
3.103630424559727929e-01 9.298319997322529451e-01
7.067771265187892116e-01 2.751924975795129180e-01
7.562869306657720170e-01 9.858468831867268634e-01
4.789504977841164690e-01 5.451080022878646014e-01
4.658554745150886855e-01 9.158206566893434264e-01
8.774336466235854726e-02 2.673725012729897266e-01
9.819146396759934614e-01 6.740523800891867756e-01
2.188086733997575140e-01 1.550787891809565222e-01
9.509471960172810601e-02 7.712544243572967417e-01
1.822176129055785854e-02 2.671717047013186797e-01
3.251769882540495038e-01 2.484152715302234693e-01
3.901776673310699550e-01 8.778645423522497548e-01
8.413320069250790345e-01 1.486637611423269334e-01
6.585204478575599207e-01 9.197187081291724464e-02
1.171258073566100455e-01 3.066780370218311624e-01
1.263579955954509115e-01 8.761565683234299184e-01
7.595349274476926871e-01 4.922652800440252552e-01
4.700379578987046170e-01 8.629333919710607814e-01
9.691566728299649824e-02 1.183225406193095797e-01
1.737405525529603922e-01 6.592916534283124186e-01
2.701253124349582979e-01 3.782797998089156843e-01
6.694093182403194620e-01 3.352471292194167951e-01
3.916668042402349226e-01 9.313693671836252852e-01
1.768976185403881018e-02 7.936152429976957023e-01
8.915711277401604518e-01 3.235170501010453670e-02
6.881068214761132396e-01 3.418995778665773200e-01
1.188856549882085778e-01 8.626354084083062146e-01
3.922243638101264862e-01 4.783182258115407093e-01
5.189520737243142889e-01 4.807753309094091598e-01
1.965976671556699529e-01 6.668143261693870727e-01
2.881564605429731696e-01 5.844242584344947478e-01
9.457075936065642008e-01 1.523274538491687924e-01
3.224196580362066467e-01 7.693165239189385662e-01
1.933643390706762943e-01 8.076912353050524906e-03
3.263264742843925426e-01 6.459724623621632134e-02
8.212714356185253362e-01 2.569421582769442214e-01
2.677682020878644487e-01 2.955729316115351946e-01
5.366040111136040069e-01 1.659490223330420955e-01
7.163841592270815406e-01 9.612902188706676787e-01
1.301869877884103133e-01 4.282072764457408587e-01
3.046699152906108266e-01 6.049648427625227143e-01
4.771184304447817492e-01 7.353857473900117236e-01
7.831029703992858915e-01 1.697782243185569362e-01
4.029924218410533276e-01 8.440392686860906934e-01
9.849525430215508859e-01 1.096148283125498724e-01
7.845887218001216246e-01 6.430199442975854662e-01
2.676636630511918247e-01 2.609263193449682383e-01
3.897031436277264005e-01 7.494009320441441524e-02
1.180796270986562702e-01 7.506032801325037696e-01
6.327693342779384666e-01 3.358664198216421148e-02
9.628384658109598870e-01 1.787667254869107492e-01
1.472053452009637331e-01 4.104935126270502499e-01
6.817073966433370158e-01 8.806705752116407160e-01
5.707811233170321241e-01 5.223714446963219071e-01
5.737881912740488977e-01 3.941213600357565960e-01
5.367013869861514408e-02 9.949425400445323087e-01
4.036653933925871129e-01 9.970396276585677953e-01
1.655965388129387872e-02 3.625053924036903963e-01
3.120995089249585241e-01 4.215393735895032190e-01
9.224050494631799157e-01 7.555072874712168707e-01
7.676125153361912368e-02 5.443575667613991254e-01
6.013536697461486780e-01 2.644571457764889333e-01
1.333343651619952608e-01 2.609815701502796736e-01
6.406264309472641250e-01 4.530456988310940236e-01
7.443864570627793942e-01 4.566428223754330773e-01
6.470888578611706521e-01 4.972956914598382072e-01
8.295123110907330899e-01 3.254171585677884115e-01
7.152446083510313191e-01 4.416833230307970481e-01
1.988740741112727806e-01 4.696880596782886386e-01
5.335546479399871922e-01 7.449395239026116444e-01
7.314697645519933067e-01 3.809064554545362746e-01
2.331552081473425853e-01 5.899997935769130120e-01
3.838741969592511794e-01 4.798814096793566630e-01
7.669017092699041971e-01 3.918199558559143370e-01
8.058351228677300693e-01 8.933097087318172536e-01
5.345903564080348724e-01 5.009160909816467999e-02
5.141861446454073503e-01 5.294736642508223179e-01
7.882146400483818205e-01 3.163474432363018174e-01
1.603497023851693237e-01 9.398103947579919959e-01
2.067094810454639386e-03 8.167479437788864871e-01
6.645388384085144651e-01 3.229523867524308756e-02
2.024378785480684950e-02 1.444503599947458694e-01
6.759373922952617297e-01 6.905812844360870173e-01
2.893286401475804182e-01 6.303255858308801640e-01
1.363059143383080762e-01 7.315083351801445755e-01
8.237034195971619788e-01 1.057958476037708095e-01
5.166699762786655103e-01 9.100141718786979306e-01
9.104796739098496294e-01 6.401377690357012984e-02
7.046353560474734046e-01 2.917516304082958811e-01
8.311908468587173582e-01 4.793915949370529672e-01
7.819284945121296460e-02 3.063556005538236038e-01
9.990750253226978739e-01 6.708728412101779837e-01
6.348270431411942027e-01 9.962103186316543235e-01
7.338078400250054312e-01 8.434832365494449036e-01
7.428179526210332284e-03 7.338331818079357749e-01
8.663975485363373252e-02 1.524719678787685995e-01
5.699233922994717538e-01 3.368015077678800928e-01
9.968672276956028755e-01 2.170767329320903993e-01
2.084820106132390105e-01 2.889142131580170192e-01
3.230782820565506475e-01 2.745728304724098789e-01
6.857230059921306520e-01 7.406272271748706171e-01
7.325623669461277521e-01 2.989668453442032581e-01
1.618241772584688709e-01 5.335135816926545038e-01
6.010221945144976763e-01 8.047736923484153371e-01
6.621844626728892180e-01 2.212269611000340364e-01
7.903133709013419050e-01 1.893839485709191139e-01
3.500276829081823138e-01 3.509358111076755771e-01
9.232397722832771381e-01 8.800741304301709089e-01
3.471660829160199135e-01 4.949852547094417687e-01
9.206320743885565427e-01 3.745818768863817816e-03
1.652099154445829665e-02 2.771753554283222787e-01
8.817202743544851895e-01 6.661123370331514248e-01
4.933642493953233066e-01 1.964599975480511018e-01
4.211904186373718328e-01 7.961844595979483685e-04
7.911134803440429408e-01 2.599254833869690806e-02
4.636907846337544603e-01 1.367163706489264996e-01
6.610766695971633800e-01 7.443439232316911847e-01
4.583662414463293144e-01 5.312149730935384895e-01
6.000691960036541595e-02 2.553316331026885821e-01
7.241578419396640376e-01 2.036075881053598380e-01
2.652805280264203258e-02 9.926663996986059280e-01
5.478386759305438058e-01 9.906806708507789327e-01
3.997728833200627774e-01 5.997731709100003750e-01
3.329467648643195110e-01 9.912933357180619964e-01
9.183160891968542572e-01 8.426797788621698260e-02
9.437751559342953955e-01 8.117603491397920035e-01
3.143862913855728358e-01 2.687677517372217828e-01
7.181988737349603857e-01 1.153224513974631105e-01
6.182218263945716830e-01 1.312415659632002463e-01
2.137512277325860355e-01 9.185906208070884205e-01
4.448616221596207732e-01 2.254549707955101345e-01
3.770027528005326367e-01 7.453565052351796005e-02
7.025770439072307472e-01 1.347692643053002293e-01
5.289024555199056676e-01 7.356007596537555981e-01
6.589686290619709563e-01 5.065366729051585803e-01
8.350428816818630251e-01 3.421361571046418470e-01
4.869085558103121159e-01 2.327230094101686575e-01
2.137253643896259714e-01 3.545078373445942344e-01
7.605787067712581617e-01 7.892102254510348081e-01
5.139378684887737636e-01 1.928219411440076358e-01
6.444429610648548801e-01 9.303941671638039645e-01
6.376800576139032284e-01 6.561085876843997244e-01
3.071268608489324814e-01 1.035750370160289924e-01
1.706979110971408309e-01 3.930236743022331725e-01
2.859494343600569310e-01 3.296641986841870597e-01
2.918416425603529429e-01 9.171264057049701712e-01
6.003464777421402276e-01 3.544971931195005643e-01
4.975218698705801135e-01 1.734210876543142987e-01
1.633791897464875742e-02 1.540451267466779184e-01
3.763832263625055408e-01 3.476904383949379618e-01
1.568554533419352914e-01 5.598669408722630747e-01
4.363620829754283337e-01 5.955323506417142809e-02
6.617821793461242663e-02 1.235423495842465913e-01
8.776705154517661089e-01 8.024945149926576704e-03
5.337973388322569956e-01 4.933863075597608727e-01
7.900357382144037599e-01 4.841606721462996532e-01
8.278349401045334011e-01 3.909944919996941604e-01
3.285897626555529527e-01 5.687595005515635460e-01
2.675309202811421150e-01 9.814891467665451952e-01
7.995884794868135526e-02 9.151096835577749999e-01
1.453819049020799170e-01 8.904441025366827134e-02
4.128145541475081171e-01 1.941917376137014539e-02
1.110586696630334602e-01 5.752536829053468415e-01
3.358572790700379285e-01 7.003441142936566166e-01
1.861403704712502050e-01 1.197701942405158260e-01
3.350243504426331231e-02 7.139806401746012776e-01
1.369640201780154554e-01 7.577338407131639642e-01
9.846058844477646455e-01 5.510019215929607972e-01
3.607815072584674709e-01 2.407896847276517205e-01
7.010460118818916397e-01 8.216918200503510183e-01
2.018830790179964030e-01 1.950498475738392523e-01
2.118798146836242680e-03 5.518962315482710546e-01
4.899522567770823178e-01 1.248763942185014963e-01
1.457962492066090521e-01 7.833787257511107827e-01
4.725619263604440290e-01 8.889377211461934047e-01
6.158259413052724618e-02 6.694405443253659271e-02
7.910203198103163968e-01 6.963007623899827303e-01
5.204808785086889600e-01 7.958553658577118828e-01
6.590483019681558918e-01 8.904939797749074071e-01
2.684604245774189213e-01 6.608140303609734145e-01
3.874833080348806247e-01 6.799322591937179139e-01
5.010827704969195162e-01 3.628751452297529489e-02
7.245121458560850325e-01 7.525959815969471833e-01
3.442370317760721221e-01 4.579604735805635762e-01
5.855286195600203358e-01 3.115420724215925974e-01
3.286343187250513331e-01 5.133904923692130806e-01
8.338281083999552479e-01 1.841634114504615560e-01
8.426796598989669818e-01 7.976511362744691525e-01
4.775449267687393862e-01 5.695357593392096351e-01
5.206001449127306557e-03 6.453166042572965333e-01
5.536633232412522254e-01 6.885955055566715943e-01
1.770057162208104051e-01 9.119588817194422825e-01
9.303328367769543306e-01 7.416992552608296929e-01
4.208927695072374187e-01 8.184691661365509630e-01
2.171419589690862795e-01 8.505666493096672998e-01
5.781871694943993001e-01 5.615008536810259798e-01
8.741169734625455767e-01 1.660829797375762418e-02
5.069004938089518575e-01 4.879869915723511475e-02
2.932649814723375936e-02 5.419696012140151620e-02
8.428976640370792195e-01 1.112907992397894619e-01
2.667817285326457011e-02 4.721098005540802500e-01
2.612802762379713428e-01 9.502787512225391309e-01
2.622874346103719612e-01 8.206370726503744439e-01
8.689064188917681175e-01 2.514868915340392475e-01
5.549339698324595727e-02 4.601107355474999272e-01
9.469068063213663677e-01 4.727405022760619024e-01
6.503419410225216302e-01 4.976566339735999378e-01
4.328983426673651547e-01 1.781756738223705394e-01
2.185322891878849205e-01 5.430936291497655555e-01
7.261713193908815311e-01 5.660328543660352318e-01
5.727953951020763323e-01 6.411720387585108094e-01
5.998255272472007293e-01 4.963744893242162393e-01
6.119708267869413687e-01 4.786652401711156690e-01
2.871630986075712766e-02 9.183668409964129697e-02
6.617107297953200851e-01 8.362683574621291305e-01
1.649731574988314575e-01 9.616658176382687495e-01
6.122919702098474914e-01 8.911509984187040434e-01
7.455180108324408472e-01 8.873865667238517441e-01
6.316713548334624839e-01 1.297597464391542221e-02
4.144868146780936735e-01 3.021777135557229821e-01
3.909156793593445700e-01 5.799898421327995823e-01
8.187461253665955230e-01 7.202875695112480603e-01
7.070731268242972378e-01 1.514222430304826839e-01
4.183474506760630485e-01 2.765371579650082179e-01
7.079002938702305681e-01 2.543681727950908300e-02
5.250939802932410583e-01 8.866601297528975412e-02
2.934509253100348047e-03 8.010877758453095465e-01
5.347383439333488475e-01 6.789323291397186821e-02
9.755931356705344060e-01 1.118955483736657763e-01
8.224356925643032667e-01 5.296965869555898543e-01
5.123667639383242545e-01 8.245794639336647691e-01
9.793785554240200808e-01 1.329074729594315052e-02
5.624853459674215017e-01 7.296379354264616035e-01
5.611658299600598143e-01 2.365158111086879122e-01
2.567718289743474713e-01 6.373712932065577208e-01
8.549012508585770442e-01 3.066662522123577705e-01
7.906208007643815705e-01 9.179866237541117746e-01
8.068207080932850994e-01 3.892081242595476498e-01
6.513828943468294996e-01 2.191320614827322322e-01
7.080240902957659621e-01 9.296396006110518861e-02
9.198441839020741195e-01 8.376216393248521186e-01
4.523076665008307629e-01 5.711853593383307004e-01
7.102005204691174134e-01 1.902612638210244844e-01
7.680818739295290909e-01 9.938289091561098854e-01
2.402740264449966245e-01 7.447070049364251654e-01
9.366612002224010691e-01 2.588271025368392708e-01
3.066155909660606138e-02 3.704224438619637683e-01
7.795659249950820380e-01 1.249145995320636304e-01
8.863224027314123843e-01 1.093806756678750158e-01
2.201002946827101958e-01 2.546148849257023894e-01
1.142778717598621485e-01 2.428639079836721892e-01
8.200071267700173028e-01 1.855060504631278473e-01
9.127511718387002482e-01 2.201596436647430544e-01
3.169158951629931220e-01 9.743414660704380337e-01
3.800718021200935048e-01 5.492998123433445734e-01
6.619355849239856315e-01 3.331090393782029091e-01
3.649879915209183201e-01 9.259140201425298811e-01
9.408548782941239530e-02 2.560654748358204280e-02
8.476662670689998347e-01 4.402110407670561942e-01
8.456054208593907218e-01 8.893845301758456223e-01
7.229395233861325432e-01 5.110639991067117416e-01
7.415986189904165693e-01 8.814851430149295286e-02
3.357375722306051857e-01 8.486234199489212093e-01
9.851684924287422707e-01 1.100638054244295061e-01
2.299461578444788046e-01 7.773094525664292487e-01
9.652404116603235940e-01 7.652279360669592689e-01
6.503490809105016979e-02 8.991417458706233434e-01
7.104203901647296870e-01 5.240337817960388778e-01
1.667534767264643447e-01 2.887354318929831187e-01
5.822084740764786881e-01 1.593778995230488160e-01
7.273540651313732397e-01 8.290013955987921568e-01
4.689970042585375198e-01 3.725659288256062407e-01
9.670069183236990051e-01 6.086859248567212388e-01
3.779299548068045800e-01 7.067769966289426664e-01
1.918138686562370632e-01 4.902596060589011762e-01
7.388644155251309353e-01 3.606087002416816789e-01
2.284644851673955923e-01 5.264086488505624883e-01
5.157640931249977134e-01 3.029647133324794295e-01
9.205773192621814482e-01 5.739603632719857407e-01
8.697520419136326453e-01 6.373619943320234515e-01
3.407855878328752697e-01 3.362401423847051207e-01
2.073566570675746679e-01 2.762889772430739965e-01
5.932276192091328060e-01 5.218021305497745344e-01
5.668145654119104426e-01 9.904728353036955646e-01
6.304996692601251285e-01 6.141348701668649657e-01
7.150545448105912749e-01 1.202493217668409997e-02
9.593954079628732590e-01 5.405215687047369988e-01
1.424319208687564453e-01 1.565133611468759733e-01
6.084704051489167043e-01 9.492356381179773983e-01
6.826166698332449823e-01 7.135245973997834668e-01
5.259068266275613857e-01 7.500327574090307481e-01
3.016253062167464360e-01 8.583270105293502317e-01
8.514510086145736789e-01 2.715558904209058877e-02
6.625689017756235533e-01 9.636046745703932270e-01
2.097465432177089140e-01 6.177235833016840871e-01
6.112003460968951085e-01 2.974706545683563075e-01
5.116181928623028119e-01 7.814593124418445225e-01
3.260437225979198050e-01 8.135759225716477916e-01
7.078643330307207160e-01 8.176631377484723240e-01
7.637157135066435787e-01 9.447619698437844660e-01
8.561301193118330266e-01 8.879142596628817330e-01
1.718810645490144173e-01 2.699558379441575617e-01
9.061000773569303224e-01 3.121474067285724407e-01
8.867703098019090735e-01 9.125619744958199941e-01
3.548959742761245151e-01 7.288728421849641759e-01
3.721257035402321112e-01 5.692797527615408582e-01
5.809960843926181839e-01 9.638485358675376036e-01
6.125488121716053946e-01 9.072336829029202798e-01
8.150951943449122883e-01 5.500409935105989856e-01
2.908727950313557686e-01 2.549585437679541267e-01
4.605205880878709968e-01 9.843284004378889396e-01
9.936154013731814949e-01 3.242281420078861887e-01
6.376414313589073846e-01 4.733042800020011986e-01
1.916859671138008148e-01 4.911617087477002652e-01
8.946676586996155089e-01 9.474472536031243175e-01
8.578449708890524272e-01 9.112120250280101308e-01
7.734079477291407878e-01 8.664258406685634295e-01
1.338845371879678892e-01 2.911278453168761882e-01
3.952348544804328290e-01 4.663408355181261067e-01
7.585204308746946733e-01 5.123127291565883201e-01
7.368994465057676635e-03 2.821194186964304240e-02
8.644750360837170078e-01 9.195839580299597360e-01
3.219846209859678066e-02 5.746636649961093246e-01
8.667430468622265849e-01 8.378693659361862167e-01
4.723908906243634576e-03 9.133775488380539986e-01
1.211461244411612403e-01 2.584739773182230804e-01
2.068500000562623065e-02 6.960179476417610589e-01
7.595717893257455389e-01 1.773634776575671035e-01
8.435440274804042460e-01 7.593241041298811611e-01
3.789328764348698364e-01 3.423780895763075538e-01
3.123755244644843554e-02 6.928439453644578139e-01
4.478692251771981825e-01 7.678522283289771488e-01
7.855334762558433548e-01 4.066626394252447207e-01
8.277388354633472556e-01 1.546045094345271931e-02
8.047372482965953200e-02 2.051153840169247511e-01
2.421951016167044335e-01 9.113305046883906080e-01
8.282363951366288335e-01 7.309055587851684965e-01
4.480762203085341122e-01 1.454361468033191773e-01
1.061539682793237738e-01 7.126137581921691000e-01
7.300748587675864876e-02 5.647919036792159453e-01
3.218848495343770155e-01 3.668529376662943431e-01
7.039800357627523653e-02 8.953579960062507670e-02
9.990705846472432983e-01 4.545551779166326911e-01
1.434058064872540950e-01 6.797588559090177451e-01
3.404899193206800678e-02 7.810982560140181663e-01
8.217426297987162620e-01 6.539357399589451614e-02
6.579433762157154142e-01 4.288702428095996222e-01
6.495022813189289534e-01 6.248642264701664839e-01
4.841582811084136351e-01 1.904943288266658374e-01
9.743639552879520549e-01 5.245513907071054360e-01
9.905935713992022329e-01 7.148203205720562448e-01
9.524222385627125753e-01 2.366147856844125208e-02
7.741899166067884863e-01 2.444396368686660992e-01
4.275614319905183258e-01 9.932515960750545325e-01
1.381942175112744753e-01 3.679717820924767180e-01
6.082413289122511335e-01 1.222122600955900529e-01
2.904610902110721371e-01 8.329379582441605034e-01
7.508974343935899132e-01 2.032984614067800955e-02
6.012536238209037487e-01 3.345846963385255002e-01
9.292559302916278963e-01 2.441296140816892057e-01
4.011859002808412233e-01 9.090832183136325906e-01
9.460962867438820201e-01 4.472468441349091162e-01
1.521625291328350116e-01 3.752179998965033958e-01
2.278850327678539900e-01 1.501039909996140231e-01
2.660367958125816612e-01 5.243693446983593853e-01
5.864114777375395438e-01 2.786301622219167218e-01
6.703034725225333057e-01 2.768969237681402351e-01
3.558744794415907853e-01 4.209296612493690359e-01
6.072683221093062578e-01 5.703561628469020484e-01
7.304901432271859729e-01 5.959861834815860515e-01
5.656632812249441367e-01 6.579147777638840733e-01
9.274607395959457712e-01 7.195651216428345931e-01
1.187028989015003200e-01 5.316024790350747375e-01
1.584501593095197780e-01 4.045477516462161471e-01
4.765478147628339212e-01 3.062945362413257433e-01
3.111461999093653175e-01 5.601245817227762380e-01
9.498327803122748048e-01 2.254152221450352878e-01
9.573381064773841542e-01 5.112719079467945571e-01
3.945839152434023056e-01 7.446159410467324546e-01
5.572944169965623473e-01 5.630058868527390015e-01
4.676629270640053626e-03 2.030420236992641625e-01
7.369005237644901118e-01 3.828694767100231378e-01
6.623368672528107126e-03 4.873240542747471205e-01
5.030754284559988410e-01 8.274469704295497330e-01
8.209137888694857388e-01 4.274469730395560330e-01
8.725966012625964163e-01 4.539722829371408697e-01
2.103365390204050556e-01 4.366149473466895969e-02
6.946525027018721765e-01 4.389645405105013776e-01
1.017604897162207589e-01 6.758046279120998312e-01
1.086552097464476008e-01 9.631866912382618384e-01
9.445764581339893828e-01 6.388541038090644886e-01
8.095234584237944730e-01 1.783215011004731787e-01
5.867612301612151748e-01 7.687028353858533780e-01
3.075271648519538603e-01 1.777443112826466720e-01
4.968704393955580834e-01 2.353030325818546986e-01
8.151193585471381287e-01 3.042489888488550953e-01
8.617188167218207129e-01 4.410242496613216989e-01
6.809405255614192631e-01 3.456606347577315663e-01
6.418909458701271831e-02 1.924383103789214511e-01
7.373045347101779834e-01 5.031053241095071460e-01
9.949883062708502202e-01 7.218849690965516430e-01
1.016106036650056277e-01 6.796516131672685201e-01
3.335176100242009944e-01 4.700210146748479145e-01
1.186856289966982114e-01 6.492628618784618277e-01
2.592621935588180770e-01 1.208497202131402215e-01
4.543870264005603898e-01 8.097304458007960060e-01
5.362232158360369372e-02 4.095138767378379008e-01
6.480405234163159056e-01 2.731678910213599654e-01
6.634049881138677218e-01 2.892618801852316901e-01
3.641314924460936631e-02 3.675026662278374490e-01
7.004118433055505077e-01 8.044049756321860478e-01
2.137416027860807866e-01 9.340441952107085832e-01
2.442557801468708822e-01 7.297523800213734368e-02
1.302920535624292331e-01 1.914671000899355047e-01
5.160523981645239733e-01 1.859503717523296462e-01
8.841054508196692918e-01 1.043417763680795085e-01
8.534744674905688777e-01 1.029589908109196372e-02
4.074566914239307058e-01 6.782460765869451347e-01
5.532490785039893000e-01 9.506476145411990597e-01
8.688572777520062740e-01 2.360500338896964756e-01
3.326307123107885566e-02 1.668348623621709326e-01
3.881812041950003511e-01 9.855044337923959397e-01
1.806416254830757184e-01 6.803015121187060421e-01
9.756682055995202774e-02 5.735895136116474502e-01
3.317855961428145539e-01 2.156985301745378836e-01
8.141753334189162361e-01 5.420078283243044970e-01
7.916588267804552936e-01 8.285166115973738865e-01
9.225352779250850510e-03 1.516723075028258982e-03
9.545436805700429073e-01 3.979329257681836207e-01
3.393934217402491127e-01 7.965798688653902282e-02
4.978612316876107613e-01 8.985724358555157165e-01
2.769898987429335602e-01 7.850667963984818698e-01
7.137743710807364916e-01 4.364850233761632392e-01
2.497565473393527080e-01 8.530435952925951026e-01
7.704436388114711542e-01 5.027259908409765776e-01
7.641719940131742606e-01 1.552168070697995672e-01
2.565500335638400964e-01 3.682921100380550650e-01
3.527340062576490576e-01 7.416680079759907507e-01
8.957381624597472447e-01 5.092151836053883107e-01
8.529842798804360138e-01 4.219630485649346063e-01
5.238961531478283362e-01 2.363251518688254116e-01
6.967012856401914034e-01 9.046520955019209387e-01
5.305823753347941318e-01 6.339269371700904099e-01
4.475985467322445288e-01 8.357658787196764472e-01
2.414948365928896168e-01 8.543797233810770386e-01
6.639828476920458522e-01 6.428248857290245200e-01
1.873781829181896397e-01 4.784594710589165079e-01
2.312252221019436282e-01 6.775402463378321638e-02
3.150239665607460493e-01 2.047905630443478397e-01
4.251277288986338165e-01 2.864883730151593921e-01
7.424493816647101951e-01 6.502332937065433693e-01
1.326241970222813427e-01 1.418484343134810421e-01
5.883683798342361770e-01 3.741859904906255085e-01
7.463194291867500940e-01 1.319654339700053747e-01
9.050819445156638166e-01 5.395285959090810879e-01
1.837548214736686170e-01 4.510727574763702119e-01
9.136037578212958810e-01 3.474169727212113035e-01
5.381989181116062504e-01 4.591309318746309431e-01
9.499457852898223198e-01 7.209838999295664630e-01
9.915263046840216976e-01 9.935166697311034190e-01
5.115395456344418168e-01 6.779390684108308474e-01
1.843812775005811977e-01 3.921751774567705517e-02
2.148488236026750986e-01 3.168754488014634552e-01
4.307395561827421782e-01 7.477475196046625694e-01
5.783597943286614695e-01 6.767576278003326617e-01
8.339111616840380048e-01 7.564193796079402565e-01
2.295103949987052916e-01 6.335615875698679123e-01
6.626434653482650150e-01 2.489773621902574563e-01
1.277946913954448593e-01 8.028934503660971611e-01
5.357682724456447332e-01 2.485397129010352701e-01
4.045907775112729254e-01 8.115583484236740253e-01
1.764976539049241122e-01 4.456715652635648839e-01
5.775792151485412695e-01 6.078992191351951790e-01
2.473494697712640411e-01 4.460630873830900844e-01
6.591796527985198662e-01 3.069028446998279813e-01
8.975078950792897414e-01 4.468577916104012893e-01
9.539757802426962474e-01 1.983576446562793638e-01
2.239725520928216307e-01 8.638438924601352653e-01
9.518333225258432950e-01 3.237509071190317611e-01
3.768509677379343614e-01 6.411837674125939746e-01
6.416665697309376082e-01 5.995799828239835039e-01
8.771529577329169047e-01 3.121851861966297159e-01
5.680813073791617374e-01 3.996746382074923831e-01
9.817156024137398962e-01 7.077463479093356602e-01
6.336203480599993387e-01 2.529462309051377922e-01
5.845510395745432408e-01 5.697042323203801439e-01
8.381982953565741967e-01 7.676734381234348037e-01
4.439641985428681714e-01 4.877729659804357354e-01
5.912432510574390232e-01 8.768554263453546271e-01
5.383130183279053460e-01 8.864726193882455085e-02
9.091487503934132519e-01 7.553858411663086914e-01
2.043129174182809482e-01 1.770908321907127547e-01
2.467199010527465486e-02 5.360857737786864918e-01
3.181501351542603828e-03 1.513179110305441499e-01
8.476210576931068053e-01 4.083310807564193290e-01
6.150455776244229122e-01 5.456607170101301918e-02
3.902251660301451208e-01 3.527544656899206377e-02
4.303679670440474503e-02 8.608374764552730873e-01
6.983069146177653952e-01 8.703917286775486595e-02
2.010150636274704583e-01 6.085099253690644527e-01
1.610390274208841621e-01 7.352130702593994149e-01
3.611789772732342252e-01 2.730636779562995997e-01
3.844529850685252104e-02 7.966392338252249461e-01
3.621635546241496195e-01 9.583338879780949338e-01
5.497118033993905195e-01 3.652848317521770749e-01
6.572654040884867710e-01 3.140267277169496163e-01
5.417544639996105804e-01 2.998393663171114998e-01
2.815168681461505118e-01 5.941097982247520726e-01
8.429379395020345500e-01 8.442408277409108042e-01
4.603525839156845656e-01 9.470210384602795184e-01
5.945929730596012375e-01 1.814301898199091045e-01
5.777673610657729775e-03 4.059927543315432485e-01
8.935388307743558078e-01 8.564988980271832641e-01
6.739593226293534300e-01 3.437971700751975002e-01
6.843073422648850990e-01 5.888851935639429769e-01
6.962166623334531401e-02 2.177652582552541682e-01
6.345193010768142017e-01 6.182078280009409843e-01
5.123785880758201516e-01 5.395119528923811858e-01
9.365820687629220487e-01 2.872269680830419336e-01
5.766383957551233230e-01 9.256818561523988409e-01
3.340967157235559259e-01 7.030017690318479673e-01
1.313496496473435249e-01 2.405967012901764068e-01
1.017487738224094329e-01 3.095032982515790732e-01
1.983806349775019129e-03 8.301256730103876436e-01
3.993959534043444171e-01 9.728087846280087936e-01
9.504905205893574571e-01 6.846326986514187363e-01
9.482184676965091930e-01 3.150574217849677616e-02
9.434400293313041086e-01 7.485082724087007700e-01
8.661451979396378453e-01 7.155506902397315017e-01
1.501108324466792210e-01 9.555791667664215172e-02
8.506172245460991155e-01 3.209758916305186505e-01
9.440375883793128420e-01 2.594767814394892680e-01
2.324658094735314595e-01 9.758152563636722787e-01
7.315259681717988238e-01 5.760474303363820603e-01
4.128322128956302128e-01 6.478246747052819332e-01
7.169396799298869416e-01 1.806502400046318124e-01
3.269372346921164407e-01 3.192223319694166284e-01
3.581660107412369953e-01 8.883277449529524139e-01
4.110273913925680533e-01 8.040953328364662811e-01
7.025474711956609664e-01 2.470924726872160138e-01
7.353861895590381170e-01 7.931640500395488180e-01
9.390969762858442094e-01 8.796958862717998429e-01
5.684219675262609517e-01 4.813636826453716600e-01
9.075647976393343974e-01 3.156032928668039972e-01
1.848190763255526115e-01 8.342672214502724337e-01
2.116143721298101577e-01 5.210581401485887554e-01
1.522851517483356787e-01 9.112080781219409342e-01
8.102172494696281424e-01 5.454777074696062211e-01
1.913220464888550909e-01 7.199714622253446938e-01
5.825942621246659181e-01 2.337953357471647120e-01
7.824230199520747497e-01 8.907258662017771833e-01
4.728911417365273540e-01 5.113525002689373045e-01
9.032277978142859709e-01 9.196226804551309586e-01
5.823025349615429391e-02 8.038619536311496505e-01
2.438766134125064378e-01 2.273021972333595375e-01
6.360973498072157728e-01 8.193792491430387237e-01
1.318725212938303137e-01 2.554105861827453694e-01
4.827713687458152769e-01 5.196563920223129518e-01
9.320307499976899779e-01 3.966212216050789552e-01
3.648063737468701939e-01 5.387730346044026231e-01
6.786197113854429697e-01 6.125182955069402579e-01
7.919317997913829510e-01 7.521387453108787646e-01
9.601158379070012794e-01 6.320931931730874309e-01
9.475303516282688188e-01 7.950944039520344564e-01
2.092636427756601192e-01 7.403950807268474543e-01
1.290121211724852834e-01 1.389449509589586462e-01
2.586503909780779598e-02 9.696497056160441330e-01
8.096798267010418826e-02 6.535163026218521187e-01
2.800726821447662163e-01 2.467598121270742073e-02
5.058457127992959101e-01 5.896223178763284611e-01
7.474135819491330990e-01 5.696148374929600466e-01
5.176536273500247365e-01 9.567680893609638026e-01
1.566166744667895072e-01 2.886269033081050317e-01
7.372272668952684072e-01 3.803400540200712054e-01
2.206687418546267043e-01 8.117300524669113226e-02
4.177331889726972891e-01 4.391522678359823795e-01
1.308571763789233566e-01 8.325090329821495105e-01
8.131258319911650601e-01 5.933507141189540146e-01
2.695638607562266253e-01 3.124581167206946786e-01
3.233828727805663217e-01 9.256370920218881526e-01
7.541883201651095048e-01 5.497515616967418861e-02
9.683676653847272942e-02 5.961038039774587682e-01
1.086458730048905919e-01 2.520455624887459889e-01
2.154058181461814270e-01 1.375407667345006635e-01
8.506202196306217322e-01 7.078657628853723960e-02
7.799531955613798750e-01 4.127046889090828508e-01
7.537121490884608477e-01 2.681305279803511965e-01
2.304410915908498003e-01 2.901810342895770889e-01
6.488722971032009346e-01 1.931526050823886287e-01
2.571302475848229463e-01 2.856730619878183886e-01
4.948034049606859774e-01 8.726313028245080705e-02
9.696896186770164183e-01 9.516245515106581676e-01
1.251696660093393199e-01 9.153275478996502068e-01
7.445310589036701066e-01 9.803271333036345236e-02
3.690530776549938441e-02 3.456336405198761064e-01
2.832612829870662097e-02 3.496279342862018691e-01
9.589037211473183664e-01 8.047375041897915082e-01
1.317708481561241651e-01 8.914832541600645754e-01
9.106745070632774608e-01 2.076899163815559834e-02
8.049950617549067600e-01 2.718157681843125228e-02
6.929944796416663833e-01 6.644388487912903374e-01
8.615821931191641747e-01 4.167136248389440301e-01
1.824340387301888189e-01 7.953799705051463054e-01
8.423345271000896028e-01 5.461589876241530472e-01
9.375871929564298934e-01 3.070113917766923439e-01
3.261505137316960123e-01 6.439267169374263133e-01
8.604810931478823477e-02 6.093287023309674755e-01
1.161261598134766260e-01 6.907540552570046177e-02
2.506163066466449152e-01 6.687008730380422650e-01
1.191822474711600188e-01 9.129048136745039344e-01
3.025275226625293579e-01 9.326354310176541151e-01
7.239127263820752667e-01 5.174788769447341563e-01
3.506923491318399977e-01 5.517835778508197730e-01
9.602231690538866049e-01 9.209589056489332348e-01
4.816188856396885765e-02 1.290626233691305469e-01
1.290912176518430599e-01 1.747622057463746881e-01
5.260290408781459481e-01 1.801484083570126238e-02
7.669126062301734326e-02 2.679014323468736913e-01
5.878987445085546160e-01 9.499636773418327351e-01
9.349530902880529570e-01 2.669525837947421820e-01
6.185287399294615573e-01 3.159462720202754760e-02
1.098622049760644703e-01 7.074965779979216496e-01
1.936811197738191881e-01 3.249011564797715801e-01
7.106434011678856022e-01 9.098066408175684572e-01
3.884458829813413061e-01 5.965736054151952183e-01
1.116362046734702407e-01 5.358052887240900564e-01
2.336050544495865688e-01 9.484712469639227095e-01
2.945550082659665891e-01 5.883814364626585025e-01
6.487202854746140224e-01 4.523271026399691142e-01
8.619265319887738919e-01 3.993181115839991024e-01
6.319193264280762445e-01 8.960429789667141431e-01
5.961944016678213387e-01 2.449332247165447729e-01
8.163879695404252512e-01 1.572662506415252182e-01
1.825187581461571451e-01 1.032561727705926247e-01
1.792634239282880904e-01 2.059693119122071314e-01
3.070742550188315656e-01 5.782603908594392550e-01
1.375598964525642787e-01 1.839164699438508022e-01
9.806687529904312139e-02 3.181999111684979953e-01
9.319359458012742570e-01 8.430513713420585420e-01
6.065956022672118753e-01 2.771074067412262476e-01
4.036431514559746248e-02 6.741685832863740790e-01
6.842817150952699157e-01 6.909455162529672956e-01
1.275449776906516508e-01 2.138503093351608042e-01
7.595204922129843439e-01 2.984528785529049211e-01
2.982146948935140429e-01 2.300034644704186393e-01
6.219848797964206977e-01 9.615159778345592212e-01
4.234443548004186431e-01 9.437948853205191391e-02
7.021683074129597690e-01 9.856000145163926751e-01
5.450648870070284868e-02 1.315932278180718118e-01
3.844232868760316668e-01 4.599553229820712019e-01
2.527406267609515478e-01 6.268200968188886169e-02
9.557883500326680437e-01 6.049527991012384476e-01
9.383972565912301889e-02 5.122909932089961815e-01
8.526237530510933915e-01 8.503089900424974923e-01
3.384991264957847301e-01 4.638137918075436739e-01
8.488299369813755435e-01 3.701414762303769646e-01
9.771424192981096324e-01 1.675337601644355523e-02
6.499228257664946273e-02 8.499103294909471362e-02
7.170375967184283716e-01 6.643962619828591709e-02
1.902773529302472788e-01 6.349059155350000871e-01
1.614711047977021030e-01 6.839888652745941267e-01
4.324876320641835026e-01 3.766151160374027196e-01
5.159485525648027648e-01 1.723084359225240947e-01
1.228438268869573857e-01 5.126036472030269797e-01
6.044868953977567960e-01 9.127146250681815731e-01
4.768141790132550684e-01 5.941200846143157577e-01
5.262469249933213744e-01 2.428025882017170733e-02
3.810171067311295401e-01 9.875216220775584475e-03
4.113447793326774349e-02 2.775048962009516451e-01
5.746133041458278967e-01 7.879388417727830607e-01
5.356218416139754135e-01 1.094303298453223050e-01
3.179707470857162654e-01 5.453606110119602057e-01
2.417249573812938479e-01 3.047416249081056350e-01
1.541845717170192698e-01 9.196059075870326449e-01
2.964745623990745482e-01 5.704024687315072395e-01
4.662730653735732700e-01 5.347806317952717992e-01
9.522273503307153719e-01 9.690812558070510674e-01
6.086860805132970897e-01 3.613180041769382678e-01
4.027922137911638112e-01 5.099358195187138065e-01
8.898300106102762230e-01 5.030658817515528680e-01
8.688020620453377196e-01 6.797326173731532695e-02
9.101642437170778255e-01 3.314472864649756767e-01
1.083233849999021281e-02 5.512751231863648460e-01
3.742331451882688897e-01 7.651586788164788100e-01
3.303693945270841370e-01 4.507081060600339750e-01
7.761992180844778932e-01 2.174208152020050688e-01
2.090086664568990837e-02 7.344435599738823317e-01
8.828820171671586392e-01 6.166205578641721363e-01
1.836573074311945719e-01 8.818381248217245227e-01
7.248574595174953616e-01 5.721625719647333019e-01
5.525823039663251279e-01 3.369499094395405070e-01
2.586189822177215047e-01 3.318329649843428930e-01
8.879947994830879043e-01 6.888648364857604678e-01
6.269551570124157758e-01 2.836796655773085041e-01
5.263006601363573456e-02 5.029315084552298254e-01
5.521496128661604885e-01 3.060491904735720414e-01
9.451319086234727385e-01 3.918016916526269044e-01
1.522830981118181715e-01 2.149005506927192943e-02
2.364901982649547652e-01 9.268313553486552392e-01
4.834845807803674900e-01 7.592956550071802146e-01
5.050308511623321506e-01 3.432232927053754379e-01
6.942882187943281158e-01 8.482225537007029859e-01
3.074250653640843156e-01 6.992291465039246479e-01
9.144457299730657240e-02 4.682683606860212899e-01
4.921682543195247117e-01 4.039171827042289387e-01
4.194476777255369271e-01 1.546588724093691525e-01
2.837770573699041066e-01 7.039277625191320276e-01
5.643487711245301908e-01 1.154971463957898958e-02
7.775464669280163221e-01 7.477412277112311934e-01
1.845651598115406467e-01 9.085749452939134718e-01
6.379925803297055165e-01 6.563156889786003756e-02
7.506414699333604501e-01 9.271267976484603990e-01
1.533732115333281687e-01 8.317483042923484726e-01
9.846029382715828504e-01 4.851350107408932688e-01
3.396604131053073683e-01 1.307103161535277946e-01
1.504714336193949675e-01 2.942554998572650682e-01
9.226954111997427432e-01 7.446876555006687326e-02
3.713945429587615088e-01 1.020852358166906004e-01
8.292791223506779108e-01 7.185193132476335176e-01
3.472239176532412319e-01 9.586258068110458108e-01
1.481527255294545764e-02 1.801113799303634133e-01
7.308383986761468609e-02 1.245536609730152344e-01
3.002023045009303281e-01 4.147965197888742184e-01
7.796953871823401050e-01 2.612369142318661241e-01
5.375334107494971203e-01 1.412339682038609157e-01
3.693163257244918007e-01 8.461726057538421220e-02
9.573694038009028517e-01 5.650897950201572151e-03
7.689723471437021063e-01 6.922525171650787401e-01
9.755855248809742752e-01 9.029119837584076436e-02
4.504333639795032873e-01 8.124153463132217645e-01
4.243701327259162825e-01 2.815860698563357190e-01
4.309978594844927624e-01 8.921004341714285912e-01
4.234405242633698663e-02 3.335956438786176204e-01
3.297040761212388649e-02 7.227032837153833933e-01
7.015812675776650353e-01 6.530880686100822841e-01
6.867112376750689196e-01 4.237752811068096204e-01
4.672191868712038954e-02 6.983064735020928504e-01
8.306874779450904578e-01 4.434419920740244603e-01
1.635472546262439764e-01 7.839351198660970965e-01
1.796395505569803319e-01 6.847316540826109410e-02
3.695243778718682037e-01 3.086232569716081953e-01
3.525966446379049657e-01 9.213786932792633610e-01
3.705516967470079415e-01 3.849757551381353116e-01
7.319282946375358367e-01 5.530525202969271970e-01
8.345587316807830947e-01 9.337299947535114830e-01
4.580662460146975867e-01 4.028084318602354053e-02
6.361604675572355427e-01 3.706911440648520406e-01
1.947343182486316326e-02 9.938477507150565993e-01
8.276117528329496320e-01 9.125962381613638152e-01
9.023207329270129806e-01 5.462847024226255011e-01
1.105022877526539160e-01 8.587369319385971256e-01
8.067526683959100886e-01 9.848275792330186684e-01
6.535606647496368105e-01 9.871138736702997907e-01
1.702845284267365811e-01 3.463186795068563528e-01
4.066750387318840421e-02 4.129735020132897505e-01
5.406447433698816640e-01 5.189867195817343681e-02
7.483910481175773954e-01 2.507882603979743052e-01
4.590554085958375996e-01 4.611316839437682447e-01
7.480462419470157442e-01 3.665431940224050944e-01
6.412789505185225725e-01 9.902310326994223644e-02
6.234316951619128799e-01 9.723742565302621044e-01
8.241990419553103520e-01 7.996055036385596448e-02
8.529132158013799092e-01 1.613679594788254290e-01
3.630664704859588587e-01 6.650379895131360852e-01
1.492098753873749573e-01 7.857212153710513292e-01
8.505446209153140202e-01 6.677252417676680096e-01
